"","D","Kt_gen","Kt_sample","p","I","var_fixed","var_random","stan_times","gibbs_times","mean.stan.coverages","mean.gibbs.coverages","imse.stan","imse.gibbs"
"1",25,5,5,3,50,0.1,0.1,320.428331136703,2413.80760788918,1,1,0.023753567861382,0.0222393840178879
"2",25,5,10,3,50,0.1,0.1,1645.71924304962,5381.66652083397,0.906666666666667,1,0.0695105594493887,0.0639081311512842
"3",25,5,5,10,50,0.1,0.1,360.024441957474,3333.52822780609,1,1,0.0287403500176374,0.0264182062184861
"4",25,5,10,10,50,0.1,0.1,1044.99724078178,12477.2284209728,0.812,0.996,0.152472904194117,0.100282193035201
"5",25,5,5,3,50,1,0.1,316.13729095459,2409.1567440033,1,1,0.00343469812405176,0.00259557939614937
"6",25,5,10,3,50,1,0.1,1319.41819500923,5417.13382506371,0.906666666666667,1,0.00750606052460513,0.00738636652566129
"7",25,5,5,10,50,1,0.1,355.78416800499,3326.20919489861,1,1,0.00305721237808489,0.0029969525265602
"8",25,5,10,10,50,1,0.1,1143.57839202881,12558.0868899822,0.8,0.994666666666667,0.0181574513849874,0.0177480524283803
"9",25,5,5,3,50,0.1,1,343.229064941406,2390.45723986626,0.96,1,0.0694899443750899,0.0480098795836577
"10",25,5,10,3,50,0.1,1,651.076386928558,5461.64614605904,0.986666666666667,1,0.143714344449643,0.167949189818298
"11",25,5,5,10,50,0.1,1,382.428495883942,3431.67875695229,0.972,1,0.0770695224500648,0.0658409518112234
"12",25,5,10,10,50,0.1,1,888.200337171555,12595.0980679989,0.92,1,0.181358863550686,0.116687758055064
"13",25,5,5,3,50,1,1,329.751404047012,2466.30828595161,0.946666666666667,1,0.00779150330969519,0.0055369138038773
"14",25,5,10,3,50,1,1,632.902811050415,5494.21350097656,0.96,1,0.01797821673843,0.0212641716021303
"15",25,5,5,10,50,1,1,383.193902015686,3428.69814682007,0.964,1,0.00851879631815137,0.00753388776628929
"16",25,5,10,10,50,1,1,918.853044033051,12551.8671910763,0.896,1,0.0236771141307183,0.0235054661632618
